RC коды кнопок пульта RMT-CS50AD
|<<
626
Decoded SONY: 626 (15 bits)
Raw (32): 15498 2400 -550 650 -550 600 -550 650 -550 650 -550 1200 -550 1250 -550 600 -550 650 -550 650 -550 1200 -550 650 -550 600 -600 1200 -550 1200 -600 600 
>>|
4626
Decoded SONY: 4626 (15 bits)
Raw (32): -19018 2350 -600 1200 -550 650 -550 600 -600 600 -550 1250 -550 1200 -550 650 -550 600 -600 600 -550 1250 -550 600 -600 600 -550 1250 -550 1200 -550 650 
<<
2E26
Decoded SONY: 2E26 (15 bits)
Raw (32): -15780 2400 -600 600 -550 1250 -550 600 -600 1200 -550 1200 -600 1200 -550 600 -600 600 -550 650 -550 1200 -600 600 -550 650 -550 1200 -600 1200 -550 600 
>>
6E26
Decoded SONY: 6E26 (15 bits)
Raw (32): -26528 2400 -550 1250 -550 1200 -550 650 -550 1200 -550 1250 -550 1250 -500 650 -550 650 -550 650 -500 1250 -550 650 -550 650 -500 1250 -550 1250 -500 650 
>
2626
Decoded SONY: 2626 (15 bits)
Raw (32): -19740 2400 -550 650 -550 1200 -600 600 -550 650 -550 1200 -600 1200 -550 600 -600 600 -550 650 -550 1200 -600 600 -550 650 -550 1200 -550 1250 -550 600 
||
4E26
Decoded SONY: 4E26 (15 bits)
Raw (32): -17108 2400 -550 1250 -500 700 -500 650 -550 1250 -500 1250 -550 1250 -500 650 -550 650 -550 650 -500 1250 -550 650 -550 650 -500 1250 -550 1250 -500 650 
|_|
E26
Decoded SONY: E26 (15 bits)
Raw (32): -19162 2450 -550 650 -500 650 -550 650 -550 1250 -500 1250 -550 1250 -500 650 -550 650 -550 650 -500 1250 -550 650 -500 650 -550 1250 -550 1200 -550 650 


